0
1
9
36
100
225
225
568
1080
1809
2809
4140
4140
6337
9081
9081
9081
13994
13994
20853
28853
38114
48762
60929
60929
76554
76554
96237
118189
142578
142578
172369
205137
205137
244441
287316
287316
337969
392841
392841
456841
525762
525762
605269
690453
781578
781578
885401
885401
1003050
1128050
1128050
1268658
1417535
1417535
1583910
1583910
1583910
1779022
1984401
1984401
1984401
1984401
1984401
1984401
1984401
1984401
1984401
1984401
1984401
2327401
2685312
2685312
3074329
3479553
3479553
3479553
3936086
3936086
4429125
4941125
5472566
6023934
6595721
6595721
7209846
7209846
7868349
8549821
9254790
9254790
10008361
10787049
10787049
11617633
12475008
12475008
13387681
14328873
14328873
15328873
16359174
16359174
17451901
18576765
18576765
18576765
19801808
19801808
21096837
22427837
23795468
25200396
26643293
26643293
28164168
28164168
29765781
31408813
33093972
33093972
34865533
36681381
36681381
38588005
40541130
40541130
42589513
44686665
44686665
46883665
49131756
49131756
51484393
53890497
56350872
56350872
58922225
58922225
61607844
64351844
64351844
67215132
70139339
70139339
73187964
73187964
73187964
76429756
79737705
79737705
83180656
86692464
90274041
93926305
97650180
97650180
101520073
105464385
109484064
109484064
109484064
109484064
109484064
109484064
109484064
109484064
109484064
109484064
109484064
114397064
119397275
124485723
129663440
129663440
135022815
135022815
140568048
146207800
151943139
151943139
157872880
163901448
163901448
170130952
176462577
176462577
183001780
189646452
189646452
196505452
203473323
203473323
210662380
217963764
225378639
225378639
233024012
233024012
240904611
248904611
257025212
265267620
273633047
273633047
282248172
282248172
291117915
300116827
309246156
309246156
318640087
328168215
328168215
337968559
347906934
347906934
358125247
368485479
368485479
379133479
389927340
389927340
401016907
412256331
423646956
423646956
435344039
435344039
447353028
459520028
459520028
472007196
484656533
484656533
497634408
497634408
497634408
511115680
524767599
524767599
538765120
552937608
567286515
581813299
596519424
596519424
611588647
626841639
642279888
657904888
673718139
673718139
689912416
706299480
706299480
706299480
723274073
723274073
740648052
740648052
740648052
740648052
740648052
740648052
740648052
740648052
740648052
740648052
740648052
740648052
760550563
780674211
780674211
801245035
822041910
822041910
843295843
864780795
864780795
886732795
908920836
908920836
931586023
954492327
977641452
977641452
1281348
1281348
25418917
49807917
49807917
74705005
99858762
99858762
125531137
125531137
125531137
151994729
178725628
178725628
205996529
233540137
233540137
261634601
290007226
290007226
318941669
348159781
348159781
377950781
408031012
408031012
438695309
469654453
500910328
500910328
532765341
532765341
565227100
597995100
597995100
631381348
665079615
665079615
699407740
699407740
699407740
734695292
770306581
770306581
806571272
843165640
880091677
917351381
